PSTAR: Stopping Powers and Range Tables for Protons

BONE, CORTICAL (ICRP)                                                   

Kinetic   Electron. Total     
Energy    Stp. Pow. Stp. Pow. 
MeV       MeV cm2/g MeV cm2/g 

7.000E+01 8.549E+00 8.553E+00 
7.100E+01 8.457E+00 8.460E+00 
7.200E+01 8.367E+00 8.370E+00 
7.300E+01 8.279E+00 8.282E+00 
7.400E+01 8.193E+00 8.197E+00 
7.500E+01 8.110E+00 8.113E+00 
7.600E+01 8.028E+00 8.031E+00 
7.700E+01 7.949E+00 7.952E+00 
7.800E+01 7.871E+00 7.874E+00 
7.900E+01 7.795E+00 7.798E+00 
8.000E+01 7.721E+00 7.724E+00 
8.100E+01 7.649E+00 7.652E+00 
8.200E+01 7.578E+00 7.581E+00 
8.300E+01 7.509E+00 7.512E+00 
8.400E+01 7.442E+00 7.445E+00 
8.500E+01 7.376E+00 7.378E+00 
8.600E+01 7.311E+00 7.314E+00 
8.700E+01 7.248E+00 7.251E+00 
8.800E+01 7.186E+00 7.189E+00 
8.900E+01 7.125E+00 7.128E+00 
9.000E+01 7.066E+00 7.069E+00 
9.100E+01 7.008E+00 7.011E+00 
9.200E+01 6.951E+00 6.954E+00 
9.300E+01 6.895E+00 6.898E+00 
9.400E+01 6.840E+00 6.843E+00 
9.500E+01 6.787E+00 6.789E+00 
9.600E+01 6.734E+00 6.737E+00 
9.700E+01 6.683E+00 6.685E+00 
9.800E+01 6.632E+00 6.635E+00 
9.900E+01 6.583E+00 6.585E+00 
1.000E+02 6.534E+00 6.536E+00 
1.010E+02 6.486E+00 6.489E+00 
1.020E+02 6.439E+00 6.442E+00 
1.030E+02 6.393E+00 6.396E+00 
1.040E+02 6.348E+00 6.351E+00 
1.050E+02 6.304E+00 6.306E+00 
1.060E+02 6.260E+00 6.263E+00 
1.070E+02 6.217E+00 6.220E+00 
1.080E+02 6.175E+00 6.178E+00 
1.090E+02 6.134E+00 6.136E+00 
1.100E+02 6.093E+00 6.096E+00 
1.110E+02 6.053E+00 6.056E+00 
1.120E+02 6.014E+00 6.016E+00 
1.130E+02 5.975E+00 5.978E+00 
1.140E+02 5.937E+00 5.940E+00 
1.150E+02 5.900E+00 5.902E+00 
1.160E+02 5.863E+00 5.865E+00 
1.170E+02 5.827E+00 5.829E+00 
1.180E+02 5.792E+00 5.794E+00 
1.190E+02 5.757E+00 5.759E+00 
1.200E+02 5.722E+00 5.724E+00 
1.210E+02 5.688E+00 5.690E+00 
1.220E+02 5.655E+00 5.657E+00 
1.230E+02 5.622E+00 5.624E+00 
1.240E+02 5.589E+00 5.591E+00 
1.250E+02 5.558E+00 5.560E+00 
1.260E+02 5.526E+00 5.528E+00 
1.270E+02 5.495E+00 5.497E+00 
1.280E+02 5.465E+00 5.467E+00 
1.290E+02 5.435E+00 5.437E+00 
1.300E+02 5.405E+00 5.407E+00 
1.310E+02 5.376E+00 5.378E+00 
1.320E+02 5.347E+00 5.349E+00 
1.330E+02 5.319E+00 5.321E+00 
1.340E+02 5.291E+00 5.293E+00 
1.350E+02 5.263E+00 5.265E+00 
1.360E+02 5.236E+00 5.238E+00 
1.370E+02 5.209E+00 5.211E+00 
1.380E+02 5.183E+00 5.185E+00 
1.390E+02 5.157E+00 5.158E+00 
1.400E+02 5.131E+00 5.133E+00 
1.410E+02 5.106E+00 5.107E+00 
1.420E+02 5.081E+00 5.082E+00 
1.430E+02 5.056E+00 5.058E+00 
1.440E+02 5.031E+00 5.033E+00 
1.450E+02 5.007E+00 5.009E+00 
1.460E+02 4.984E+00 4.985E+00 
1.470E+02 4.960E+00 4.962E+00 
1.480E+02 4.937E+00 4.939E+00 
1.490E+02 4.914E+00 4.916E+00 
1.500E+02 4.892E+00 4.893E+00 
1.510E+02 4.869E+00 4.871E+00 
1.520E+02 4.848E+00 4.849E+00 
1.530E+02 4.826E+00 4.827E+00 
1.540E+02 4.804E+00 4.806E+00 
1.550E+02 4.783E+00 4.785E+00 
1.560E+02 4.762E+00 4.764E+00 
1.570E+02 4.742E+00 4.743E+00 
1.580E+02 4.721E+00 4.723E+00 
1.590E+02 4.701E+00 4.703E+00 
1.600E+02 4.681E+00 4.683E+00 
1.610E+02 4.661E+00 4.663E+00 
1.620E+02 4.642E+00 4.644E+00 
1.630E+02 4.623E+00 4.624E+00 
1.640E+02 4.604E+00 4.605E+00 
1.650E+02 4.585E+00 4.586E+00 
1.660E+02 4.566E+00 4.568E+00 
1.670E+02 4.548E+00 4.550E+00 
1.680E+02 4.530E+00 4.531E+00 
1.690E+02 4.512E+00 4.513E+00 
1.700E+02 4.494E+00 4.496E+00 
1.710E+02 4.477E+00 4.478E+00 
1.720E+02 4.459E+00 4.461E+00 
1.730E+02 4.442E+00 4.444E+00 
1.740E+02 4.425E+00 4.427E+00 
1.750E+02 4.408E+00 4.410E+00 
1.760E+02 4.392E+00 4.393E+00 
1.770E+02 4.375E+00 4.377E+00 
1.780E+02 4.359E+00 4.361E+00 
1.790E+02 4.343E+00 4.345E+00 
1.800E+02 4.327E+00 4.329E+00 
1.810E+02 4.311E+00 4.313E+00 
1.820E+02 4.296E+00 4.297E+00 
1.830E+02 4.281E+00 4.282E+00 
1.840E+02 4.265E+00 4.267E+00 
1.850E+02 4.250E+00 4.252E+00 
1.860E+02 4.235E+00 4.237E+00 
1.870E+02 4.221E+00 4.222E+00 
1.880E+02 4.206E+00 4.207E+00 
1.890E+02 4.191E+00 4.193E+00 
1.900E+02 4.177E+00 4.178E+00 
1.910E+02 4.163E+00 4.164E+00 
1.920E+02 4.149E+00 4.150E+00 
1.930E+02 4.135E+00 4.136E+00 
1.940E+02 4.121E+00 4.123E+00 
1.950E+02 4.108E+00 4.109E+00 
1.960E+02 4.094E+00 4.095E+00 
1.970E+02 4.081E+00 4.082E+00 
1.980E+02 4.068E+00 4.069E+00 
1.990E+02 4.055E+00 4.056E+00 
2.000E+02 4.042E+00 4.043E+00 
2.010E+02 4.029E+00 4.030E+00 
2.020E+02 4.016E+00 4.017E+00 
2.030E+02 4.003E+00 4.005E+00 
2.040E+02 3.991E+00 3.992E+00 
2.050E+02 3.979E+00 3.980E+00 
2.060E+02 3.966E+00 3.968E+00 
2.070E+02 3.954E+00 3.955E+00 
2.080E+02 3.942E+00 3.943E+00 
2.090E+02 3.930E+00 3.931E+00 
2.100E+02 3.918E+00 3.920E+00 
2.110E+02 3.907E+00 3.908E+00 
2.120E+02 3.895E+00 3.896E+00 
2.130E+02 3.884E+00 3.885E+00 
2.140E+02 3.872E+00 3.874E+00 
2.150E+02 3.861E+00 3.862E+00 
2.160E+02 3.850E+00 3.851E+00 
2.170E+02 3.839E+00 3.840E+00 
2.180E+02 3.828E+00 3.829E+00 
2.190E+02 3.817E+00 3.818E+00 
2.200E+02 3.806E+00 3.807E+00 
2.210E+02 3.796E+00 3.797E+00 
2.220E+02 3.785E+00 3.786E+00 
2.230E+02 3.774E+00 3.776E+00 
2.240E+02 3.764E+00 3.765E+00 
2.250E+02 3.754E+00 3.755E+00 
2.260E+02 3.744E+00 3.745E+00 
2.270E+02 3.733E+00 3.735E+00 
2.280E+02 3.723E+00 3.724E+00 
2.290E+02 3.713E+00 3.715E+00 
2.300E+02 3.704E+00 3.705E+00 
2.310E+02 3.694E+00 3.695E+00 
2.320E+02 3.684E+00 3.685E+00 
2.330E+02 3.674E+00 3.675E+00 
2.340E+02 3.665E+00 3.666E+00 
2.350E+02 3.655E+00 3.656E+00 
2.360E+02 3.646E+00 3.647E+00 
2.370E+02 3.637E+00 3.638E+00 
2.380E+02 3.627E+00 3.628E+00 
2.390E+02 3.618E+00 3.619E+00 
2.400E+02 3.609E+00 3.610E+00 
2.410E+02 3.600E+00 3.601E+00 
2.420E+02 3.591E+00 3.592E+00 
2.430E+02 3.582E+00 3.583E+00 
2.440E+02 3.574E+00 3.575E+00 
2.450E+02 3.565E+00 3.566E+00 
2.460E+02 3.556E+00 3.557E+00 
2.470E+02 3.548E+00 3.549E+00 
2.480E+02 3.539E+00 3.540E+00 
2.490E+02 3.531E+00 3.532E+00 
2.500E+02 3.522E+00 3.523E+00 
